11111110110010011010
11111111101101101110
00000000100110000110
11111110111001010001
11111010101010101010
11111111001011010110
11111100100000111000
11111111111010000100
00000010100010100000
11111111010101011111
11111101100100110110
00000100111001110111
11111110010001001111
11111110100001110010
00000000110010010011
11111110110101001000
00000001110101100001
00000101100001011101
00000101010101101111
11111110000011100011
00000000110001000100
11111111011001000110
00000001101111100100
00000000111000011100
11111111001000110110
11111110000100101100
11111111101011110001
11111110110111001111
11111101001101000100
11111101110101110110
11111110000110010000
11111110010111111111
00000000001101110000
11111110111110111010
11111110110000100010
11111110111000110100
00000001010101110000
11111111011011010001
11111101111111110000
11111111110000111110
11111111001011001010
00000001011100111011
00000000101101011010
00000001100000100011
11111101110111000111
11111100101010111010
00000011101111010001
00000010010100110111
11111111101000100000
11111101000001000100
11111110101000101110
00000010010100011111
11111111001000010110
11111111100000001110
11111111000101111100
00000011110001100001
00000001010111000010
11111101000110000010
00000000101001110111
00000001110100001011
11111110011110001110
00000000001010101110
11111100011011001101
00000001100011000000
11111110110000010110
11111110101110000010
00000000011111111011
11111111001000101010
00000010010111000101
11111101100110110111
11111100011100101001
00000010110100011010
00000010100100010000
00000010001110110111
11111111111101100010
11111101101101011001
11111111100001100101
11111111101001100010
00000001111100100101
11111110000001101111
00000011110100111111
11111111000100111010
11111101100011001000
11111111101111001000
11111101011010111110
00000000110011111000
00000001110111001011
11111111000110110101
11111111010101010110
00000001100010101001
00000000110110111000
00000001101011110001
11111111101111111101
00000100100010011000
00000100100111000100
00000001011011110101
00000101111100101111
00000011001010010101
00000000100010100111
11111110110000101010
00000000010101001101
11111101101010011101
11111011101010111100
11111011111011111101
11111110011001100001
00000001001011001110
11111110000000111000
11111111011011101011
11111100000011010100
11111100101111010101
00000100101110110010
00000010100100100110
00000001100100011101
11111110001110001010
00000001001011000110
00000001010001111011
11111111000001110100
00000000000011000010
11111011011000111101
00000010001010101000
11111100101010000000
00000010110111111101
00000010111000001111
11111100110110111011
11111101000010010010
00000001100010000111
00000010000011100001
11111110011110010001
11111110000001011000
00000000101000101000
11111111011011111000
00000100111101010010
00000000011110101001
11111101011010010011
11111111110000110110
00000001110101000100
00000001110011000000
11111111010011001000
00000001011111101100
00000101100011110011
11111110000001011011
00000101011111101111
11111110011101001011
00000000100100110010
11111011011011100010
00000001011001000001
11111111111111100111
00000000000110011000
11111111100110000100
00000001011111011100
